Line: 0.002539999999996212, 86.86800000000001, 0.002539999999996212, 50.05832000000001
Arc: 0.002539999999996212, 50.05832000000001, 0.510540000000006, 49.55032000000001, 0.510540000000006, 50.05832000000001, 0.5080000000000098, 3.141592653589793, -1.5707963267948966
Line: 0.510540000000006, 49.55032000000001, 7.289800000000014, 49.55286000000001
Arc: 7.289800000000014, 49.55286000000001, 7.797799999999995, 49.044860000000014, 7.289800000000014, 49.044860000000014, 0.5079999999999956, 1.5707963267948966, 0.0
Line: 7.797799999999995, 49.044860000000014, 7.797799999999995, 48.536
Arc: 7.797799999999995, 48.536, 7.289800000000014, 48.028000000000006, 7.289799999999985, 48.536, 0.5080000000000098, 0.0, -1.5707963267948406
Line: 7.289800000000014, 48.028000000000006, 0.5130800000000022, 48.02546000000001
Arc: 0.5130800000000022, 48.02546000000001, 0.005080000000006635, 47.517460000000014, 0.5130800000000022, 47.517460000000014, 0.5079999999999956, 1.5707963267948966, 3.141592653589793
Line: 0.005080000000006635, 47.517460000000014, 0.002539999999996212, 41.84056000000001
Arc: 0.002539999999996212, 41.84056000000001, 0.510540000000006, 41.33256, 0.510540000000006, 41.840559999999996, 0.5080000000000098, 3.141592653589765, -1.5707963267948966
Line: 0.510540000000006, 41.33256, 7.744460000000004, 41.33256
Arc: 7.744460000000004, 41.33256, 8.252460000000013, 40.824560000000005, 7.744460000000004, 40.824560000000005, 0.5079999999999956, 1.5707963267948966, 0.0
Line: 8.252460000000013, 40.824560000000005, 8.252460000000013, 40.31656000000001
Arc: 8.252460000000013, 40.31656000000001, 7.744460000000004, 39.808560000000014, 7.744460000000004, 40.31656000000001, 0.5080000000000098, 0.0, -1.5707963267948966
Line: 7.744460000000004, 39.808560000000014, 0.510540000000006, 39.808560000000014
Arc: 0.510540000000006, 39.808560000000014, 0.002539999999996212, 39.300560000000004, 0.5105399999999918, 39.300560000000004, 0.5080000000000098, 1.5707963267948686, 3.141592653589793
Line: 0.002539999999996212, 39.300560000000004, 0.002539999999996212, 26.210260000000005
Arc: 0.002539999999996212, 26.210260000000005, 0.510540000000006, 25.702259999999995, 0.510540000000006, 26.210260000000005, 0.5080000000000098, 3.141592653589793, -1.5707963267948966
Line: 0.510540000000006, 25.702259999999995, 7.221220000000017, 25.702259999999995
Arc: 7.221220000000017, 25.702259999999995, 7.729219999999998, 25.194260000000014, 7.221220000000017, 25.194259999999986, 0.5080000000000098, 1.5707963267948966, 5.594824691024616e-14
Line: 7.729219999999998, 25.194260000000014, 7.729219999999998, 24.688800000000015
Arc: 7.729219999999998, 24.688800000000015, 7.221220000000017, 24.180800000000005, 7.221219999999988, 24.688800000000015, 0.5080000000000098, 0.0, -1.5707963267948406
Line: 7.221220000000017, 24.180800000000005, 0.5130800000000022, 24.180800000000005
Arc: 0.5130800000000022, 24.180800000000005, 0.005080000000006635, 23.672799999999995, 0.5130800000000022, 23.672799999999995, 0.5080000000000098, 1.5707963267948966, 3.141592653589793
Line: 0.005080000000006635, 23.672799999999995, 0.0, 18.023840000000007
Arc: 0.0, 18.023840000000007, 0.5080000000000098, 17.515839999999997, 0.5080000000000098, 18.023840000000007, 0.5080000000000098, 3.141592653589793, -1.5707963267948966
Line: 0.5080000000000098, 17.515839999999997, 7.223759999999999, 17.515839999999997
Arc: 7.223759999999999, 17.515839999999997, 7.731760000000008, 17.007840000000016, 7.223759999999999, 17.007839999999987, 0.5080000000000098, 1.5707963267948966, 5.594824691024303e-14
Line: 7.731760000000008, 17.007840000000016, 7.731760000000008, 16.499840000000006
Arc: 7.731760000000008, 16.499840000000006, 7.223759999999999, 15.991839999999996, 7.223759999999999, 16.499840000000006, 0.5080000000000098, 0.0, -1.5707963267948966
Line: 7.223759999999999, 15.991839999999996, 0.5130800000000022, 15.991839999999996
Arc: 0.5130800000000022, 15.991839999999996, 0.005080000000006635, 15.483840000000015, 0.5130800000000022, 15.483840000000015, 0.5079999999999814, 1.5707963267948966, 3.141592653589793
Line: 0.005080000000006635, 15.483840000000015, 0.005080000000006635, 8.270240000000001
Arc: 0.005080000000006635, 8.270240000000001, 0.5130800000000022, 7.76224000000002, 0.5130800000000022, 8.27024000000003, 0.5079999999999956, -3.141592653589737, -1.5707963267948966
Line: 0.5130800000000022, 7.76224000000002, 7.2034400000000005, 7.76224000000002
Arc: 7.2034400000000005, 7.76224000000002, 7.71144000000001, 7.25424000000001, 7.2034400000000005, 7.25424000000001, 0.5080000000000098, 1.5707963267948966, 0.0
Line: 7.71144000000001, 7.25424000000001, 7.71144000000001, 6.74624
Arc: 7.71144000000001, 6.74624, 7.2034400000000005, 6.238240000000019, 7.2034400000000005, 6.74624, 0.5080000000000098, 0.0, -1.5707963267948966
Line: 7.2034400000000005, 6.238240000000019, 0.510540000000006, 6.233159999999998
Arc: 0.510540000000006, 6.233159999999998, 0.002539999999996212, 5.725160000000017, 0.5105399999999918, 5.725160000000017, 0.5079999999999814, 1.5707963267948686, 3.141592653589793
Line: 0.002539999999996212, 5.725160000000017, 0.002539999999996212, 0.5080000000000098
Arc: 0.002539999999996212, 0.5080000000000098, 0.510540000000006, 0.0, 0.510540000000006, 0.5080000000000098, 0.5080000000000098, 3.141592653589793, -1.5707963267948966
Line: 0.510540000000006, 0.0, 57.50814, 0.0
Arc: 57.50814, 0.0, 58.01614000000001, 0.5080000000000098, 57.50814, 0.5080000000000098, 0.5080000000000098, -1.5707963267948966, 0.0
Line: 58.01614000000001, 0.5080000000000098, 58.01614000000001, 5.725160000000017
Arc: 58.01614000000001, 5.725160000000017, 57.50814, 6.233159999999998, 57.50814, 5.725159999999988, 0.5080000000000098, 5.594824691024303e-14, 1.5707963267948966
Line: 57.50814, 6.233159999999998, 51.23434, 6.2357000000000085
Arc: 51.23434, 6.2357000000000085, 50.72633999999999, 6.743700000000018, 51.23434, 6.743700000000018, 0.5080000000000098, -1.5707963267948966, 3.141592653589793
Line: 50.72633999999999, 6.743700000000018, 50.72633999999999, 8.163560000000018
Arc: 50.72633999999999, 8.163560000000018, 51.23434, 8.67156, 51.23434, 8.163560000000018, 0.5080000000000098, 3.141592653589793, 1.5707963267948966
Line: 51.23434, 8.67156, 57.51068000000001, 8.67156
Arc: 57.51068000000001, 8.67156, 58.01867999999999, 9.17956000000001, 57.51067999999998, 9.17956000000001, 0.5080000000000098, -1.5707963267948406, 0.0
Line: 58.01867999999999, 9.17956000000001, 58.011060000000015, 21.269959999999998
Arc: 58.011060000000015, 21.269959999999998, 57.503060000000005, 21.777960000000007, 57.503060000000005, 21.269959999999998, 0.5080000000000098, 0.0, 1.5707963267948966
Line: 57.503060000000005, 21.777960000000007, 51.35625999999999, 21.784440000000018
Arc: 51.35625999999999, 21.784440000000018, 50.84826000000001, 22.29244, 51.35625999999999, 22.292440000000028, 0.5080000000000098, -1.5707963267948966, -3.141592653589737
Line: 50.84826000000001, 22.29244, 50.84317999999999, 22.80044000000001
Arc: 50.84317999999999, 22.80044000000001, 51.35118, 23.30844000000002, 51.35118, 22.80044000000001, 0.5080000000000098, 3.141592653589793, 1.5707963267948966
Line: 51.35118, 23.30844000000002, 57.500519999999995, 23.30590000000001
Arc: 57.500519999999995, 23.30590000000001, 58.008520000000004, 23.813900000000018, 57.500519999999995, 23.813900000000018, 0.5080000000000098, -1.5707963267948966, 0.0
Line: 58.008520000000004, 23.813900000000018, 58.011060000000015, 31.723460000000003
Arc: 58.011060000000015, 31.723460000000003, 57.503060000000005, 32.23146000000001, 57.503060000000005, 31.723460000000017, 0.5080000000000098, -2.7974123455121516e-14, 1.5707963267948966
Line: 57.503060000000005, 32.23146000000001, 51.35372000000001, 32.23400000000001
Arc: 51.35372000000001, 32.23400000000001, 50.84572, 32.742000000000004, 51.35372000000001, 32.742000000000004, 0.5079999999999956, -1.5707963267948966, 3.141592653589793
Line: 50.84572, 32.742000000000004, 50.85334, 33.250000000000014
Arc: 50.85334, 33.250000000000014, 51.36134000000001, 33.75800000000001, 51.36134000000001, 33.250000000000014, 0.5080000000000098, 3.141592653589793, 1.5707963267948966
Line: 51.36134000000001, 33.75800000000001, 57.505600000000015, 33.752520000000004
Arc: 57.505600000000015, 33.752520000000004, 58.0136, 34.260520000000014, 57.50559999999999, 34.260520000000014, 0.5080000000000098, -1.5707963267948406, 0.0
Line: 58.0136, 34.260520000000014, 58.008520000000004, 46.610000000000014
Arc: 58.008520000000004, 46.610000000000014, 57.500519999999995, 47.11800000000001, 57.500519999999995, 46.610000000000014, 0.5080000000000098, 0.0, 1.5707963267948966
Line: 57.500519999999995, 47.11800000000001, 51.32831999999999, 47.117000000000004
Arc: 51.32831999999999, 47.117000000000004, 50.82032000000001, 47.625000000000014, 51.32831999999999, 47.625, 0.5079999999999956, -1.5707963267948966, 3.141592653589765
Line: 50.82032000000001, 47.625000000000014, 50.81524000000002, 49.04740000000001
Arc: 50.81524000000002, 49.04740000000001, 51.32324, 49.555400000000006, 51.32324000000003, 49.04740000000001, 0.5080000000000098, 3.141592653589793, 1.5707963267949525
Line: 51.32324, 49.555400000000006, 57.50814, 49.555400000000006
Arc: 57.50814, 49.555400000000006, 58.01614000000001, 50.0634, 57.50814, 50.0634, 0.5079999999999956, -1.5707963267948966, 0.0
Line: 58.01614000000001, 50.0634, 58.01614000000001, 75.7428
Line: 58.01614000000001, 75.7428, 58.01614000000001, 95.10660000000001
Arc: 58.01614000000001, 95.10660000000001, 57.50814, 95.61460000000001, 57.50814, 95.10660000000001, 0.5080000000000098, 0.0, 1.5707963267948966
Line: 57.50814, 95.61460000000001, 55.860749999999996, 95.61460000000001
Arc: 55.860749999999996, 95.61460000000001, 55.352750000000015, 95.10660000000001, 55.860750000000024, 95.10660000000001, 0.5080000000000027, 1.5707963267949525, 3.141592653589793
Arc: 55.352750000000015, 95.10660000000001, 54.844750000000005, 94.5986, 54.844750000000005, 95.10660000000001, 0.5080000000000098, 0.0, -1.5707963267948966
Line: 54.844750000000005, 94.5986, 45.92935, 94.5986
Arc: 45.92935, 94.5986, 45.42134999999999, 95.10660000000001, 45.92935, 95.10660000000001, 0.5080000000000027, -1.5707963267948966, 3.141592653589793
Arc: 45.42134999999999, 95.10660000000001, 44.91335000000001, 95.61460000000001, 44.91335000000001, 95.10660000000001, 0.5079999999999814, 0.0, 1.5707963267948966
Line: 44.91335000000001, 95.61460000000001, 0.510540000000006, 95.61460000000001
Arc: 0.510540000000006, 95.61460000000001, 0.002539999999996212, 95.10660000000001, 0.5105399999999918, 95.10660000000001, 0.5080000000000027, 1.5707963267948686, 3.141592653589793
Line: 0.002539999999996212, 95.10660000000001, 0.002539999999996212, 92.583
Arc: 0.002539999999996212, 92.583, 0.510540000000006, 92.07500000000002, 0.510540000000006, 92.58300000000001, 0.5080000000000098, -3.1415926535897793, -1.5707963267948966
Line: 0.510540000000006, 92.07500000000002, 0.8901299999999992, 92.07500000000002
Arc: 0.8901299999999992, 92.07500000000002, 1.398130000000009, 91.56700000000001, 0.8901299999999992, 91.56700000000001, 0.5080000000000027, 1.5707963267948966, 0.0
Line: 1.398130000000009, 91.56700000000001, 1.398130000000009, 87.88400000000001
Arc: 1.398130000000009, 87.88400000000001, 0.8901299999999992, 87.376, 0.8901300000000134, 87.88400000000001, 0.5079999999999956, 0.0, -1.5707963267949245
Line: 0.8901299999999992, 87.376, 0.510540000000006, 87.376
Arc: 0.510540000000006, 87.376, 0.002539999999996212, 86.86800000000001, 0.5105399999999918, 86.86800000000001, 0.5079999999999956, 1.5707963267948686, 3.141592653589793
