Length: 122
Line: 15.396447, 100.0, 45.31, 100.0
Arc: 45.31, 100.0, 45.81, 99.5, 45.309999000000005, 99.499999, 0.5000010000009975, 1.5707943267989017, 1.999995994955839e-06
Line: 45.81, 99.5, 45.81, 99.083553
Arc: 45.81, 99.083553, 46.31, 98.583553, 46.310001, 99.08355399999999, 0.5000010000009975, -3.141590653593798, -1.5707983267908916
Line: 46.31, 98.583553, 56.466447, 98.583553
Arc: 56.466447, 98.583553, 56.966447, 99.083553, 56.466446000000005, 99.08355399999999, 0.5000010000009975, -1.5707943267989017, -1.999995994955839e-06
Line: 56.966447, 99.083553, 56.966447, 99.5
Arc: 56.966447, 99.5, 57.466447, 100.0, 57.466448, 99.499999, 0.5000010000009975, 3.141590653593798, 1.5707983267908916
Line: 57.466447, 100.0, 59.5, 100.0
Arc: 59.5, 100.0, 60.0, 99.5, 59.499999, 99.499999, 0.5000010000009975, 1.5707943267989017, 1.999995994955839e-06
Line: 60.0, 99.5, 60.0, 53.8
Arc: 60.0, 53.8, 59.5, 53.3, 59.499999, 53.800000999999995, 0.5000010000009975, -1.999995994955839e-06, -1.5707943267989017
Line: 59.5, 53.3, 54.45, 53.3
Line: 54.449999, 53.3, 53.949999, 53.3
Arc: 53.949999, 53.3, 53.449999, 52.8, 53.949999999999996, 52.799999, 0.5000010000009975, 1.5707983267908916, 3.141590653593798
Line: 53.449999, 52.8, 53.449999, 51.8
Arc: 53.449999, 51.8, 53.949999, 51.3, 53.949999999999996, 51.800000999999995, 0.5000010000009975, -3.141590653593798, -1.5707983267908916
Line: 53.949999, 51.3, 54.449999, 51.3
Line: 54.449999, 51.3, 59.499999, 51.3
Arc: 59.499999, 51.3, 59.999999, 50.8, 59.499998000000005, 50.799999, 0.5000010000009975, 1.5707943267989017, 1.999995994955839e-06
Line: 59.999999, 50.8, 59.999999, 38.8
Arc: 59.999999, 38.8, 59.499999, 38.3, 59.499998000000005, 38.800000999999995, 0.5000010000009975, -1.999995994955839e-06, -1.5707943267989017
Line: 59.499999, 38.3, 54.449999, 38.3
Line: 54.449999, 38.3, 53.949999, 38.3
Arc: 53.949999, 38.3, 53.449999, 37.8, 53.949999999999996, 37.799999, 0.5000010000009975, 1.5707983267908916, 3.141590653593798
Line: 53.449999, 37.8, 53.449999, 36.8
Arc: 53.449999, 36.8, 53.949999, 36.3, 53.949999999999996, 36.800000999999995, 0.5000010000009975, -3.141590653593798, -1.5707983267908916
Line: 53.949999, 36.3, 54.449999, 36.3
Line: 54.45, 36.3, 59.5, 36.3
Arc: 59.5, 36.3, 60.0, 35.8, 59.499999, 35.799999, 0.5000010000009975, 1.5707943267989017, 1.999995994955839e-06
Line: 60.0, 35.8, 60.0, 26.5
Arc: 60.0, 26.5, 59.5, 26.0, 59.499999, 26.500001, 0.5000010000009975, -1.999996002061252e-06, -1.5707943267989017
Line: 59.5, 26.0, 54.45, 26.0
Line: 54.449999, 26.0, 53.949999, 26.0
Arc: 53.949999, 26.0, 53.449999, 25.5, 53.949999999999996, 25.499999, 0.500001000001001, 1.5707983267908916, 3.141590653593791
Line: 53.449999, 25.5, 53.449999, 24.5
Arc: 53.449999, 24.5, 53.949999, 24.0, 53.949999999999996, 24.500001, 0.5000010000009975, -3.141590653593791, -1.5707983267908916
Line: 53.949999, 24.0, 54.449999, 24.0
Line: 54.45, 24.0, 59.5, 24.0
Arc: 59.5, 24.0, 60.0, 23.5, 59.499999, 23.499999, 0.500001000001001, 1.5707943267989017, 1.999996002061252e-06
Line: 60.0, 23.5, 60.0, 11.0
Arc: 60.0, 11.0, 59.5, 10.5, 59.499999, 11.000001, 0.5000010000009975, -1.9999959985085455e-06, -1.5707943267989017
Line: 59.5, 10.5, 54.45, 10.5
Line: 54.45, 10.5, 53.95, 10.5
Arc: 53.95, 10.5, 53.45, 10.0, 53.950001, 9.999999, 0.5000010000009992, 1.5707983267908916, 3.1415906535937945
Line: 53.45, 10.0, 53.45, 6.62
Arc: 53.45, 6.62, 53.95, 6.12, 53.950001, 6.620001, 0.5000010000009975, -3.1415906535937927, -1.5707983267908916
Line: 53.95, 6.12, 54.45, 6.12
Line: 54.45, 6.12, 59.5, 6.12
Arc: 59.5, 6.12, 60.0, 5.62, 59.499999, 5.619999, 0.5000010000010001, 1.5707943267989017, 1.999996000284899e-06
Line: 60.0, 5.62, 60.0, 0.5
Arc: 60.0, 0.5, 59.5, 0.0, 59.499999, 0.500001, 0.5000010000009975, -1.9999960000628547e-06, -1.5707943267989017
Line: 59.5, 0.0, 0.5, 0.0
Arc: 0.5, 0.0, 0.0, 0.5, 0.500001, 0.500001, 0.500001000001, -1.5707983267908967, -3.141590653593793
Line: 0.0, 0.5, 0.0, 5.62
Arc: 0.0, 5.62, 0.5, 6.12, 0.500001, 5.619999, 0.500001000001, 3.1415906535937927, 1.5707983267908967
Line: 0.5, 6.12, 7.05, 6.12
Line: 7.05, 6.12, 7.55, 6.12
Arc: 7.55, 6.12, 8.05, 6.62, 7.549999, 6.620001, 0.5000010000010001, -1.5707943267988964, -1.9999960002848845e-06
Line: 8.05, 6.62, 8.05, 7.62
Arc: 8.05, 7.62, 7.55, 8.12, 7.549999000000001, 7.619999, 0.5000010000010001, 1.9999960002848883e-06, 1.5707943267988982
Line: 7.55, 8.12, 7.05, 8.12
Line: 7.05, 8.12, 0.5, 8.12
Arc: 0.5, 8.12, 0.0, 8.62, 0.500001, 8.620000999999998, 0.5000010000009992, -1.5707983267908967, -3.1415906535937945
Line: 0.0, 8.62, 0.0, 15.8
Arc: 0.0, 15.8, 0.5, 16.3, 0.500001, 15.799999000000001, 0.500001000001, 3.1415906535937945, 1.5707983267908967
Line: 0.5, 16.3, 7.05, 16.3
Line: 7.05, 16.3, 7.55, 16.3
Arc: 7.55, 16.3, 8.05, 16.8, 7.549999, 16.800001, 0.500001000001001, -1.5707943267988964, -1.999996002061238e-06
Line: 8.05, 16.8, 8.05, 17.8
Arc: 8.05, 17.8, 7.55, 18.3, 7.549999000000001, 17.799999, 0.5000010000010001, 1.9999960020612413e-06, 1.5707943267988982
Line: 7.55, 18.3, 7.05, 18.3
Line: 7.05, 18.3, 0.5, 18.3
Arc: 0.5, 18.3, 0.0, 18.8, 0.500001, 18.800001, 0.500001000001001, -1.5707983267908967, -3.141590653593791
Line: 0.0, 18.8, 0.0, 25.0
Arc: 0.0, 25.0, 0.5, 25.5, 0.500001, 24.999999, 0.500001000001, 3.141590653593791, 1.5707983267908967
Line: 0.5, 25.5, 7.05, 25.5
Line: 7.05, 25.5, 7.55, 25.5
Arc: 7.55, 25.5, 8.05, 26.0, 7.549999, 26.000001, 0.500001000001001, -1.5707943267988964, -1.999996002061238e-06
Line: 8.05, 26.0, 8.05, 27.0
Arc: 8.05, 27.0, 7.55, 27.5, 7.549999000000001, 26.999999, 0.5000010000010001, 1.9999960020612413e-06, 1.5707943267988982
Line: 7.55, 27.5, 7.05, 27.5
Line: 7.05, 27.5, 0.5, 27.5
Arc: 0.5, 27.5, 0.0, 28.0, 0.500001, 28.000001, 0.500001000001001, -1.5707983267908967, -3.141590653593791
Line: 0.0, 28.0, 0.0, 41.05
Arc: 0.0, 41.05, 0.5, 41.55, 0.500001, 41.049999, 0.500001000001, 3.141590653593798, 1.5707983267908967
Line: 0.5, 41.55, 7.05, 41.55
Line: 7.05, 41.55, 7.55, 41.55
Arc: 7.55, 41.55, 8.05, 42.05, 7.549999, 42.050000999999995, 0.5000010000009975, -1.5707943267988964, -1.9999959949558246e-06
Line: 8.05, 42.05, 8.05, 43.05
Arc: 8.05, 43.05, 7.55, 43.55, 7.549999000000001, 43.049999, 0.5000010000010001, 1.9999959949558284e-06, 1.5707943267988982
Line: 7.55, 43.55, 7.05, 43.55
Line: 7.05, 43.55, 0.5, 43.55
Arc: 0.5, 43.55, 0.0, 44.05, 0.500001, 44.050000999999995, 0.5000010000009975, -1.5707983267908967, -3.141590653593798
Line: 0.0, 44.05, 0.0, 50.8
Arc: 0.0, 50.8, 0.5, 51.3, 0.500001, 50.799999, 0.500001000001, 3.141590653593798, 1.5707983267908967
Line: 0.5, 51.3, 7.05, 51.3
Line: 7.05, 51.3, 7.55, 51.3
Arc: 7.55, 51.3, 8.05, 51.8, 7.549999, 51.800000999999995, 0.5000010000009975, -1.5707943267988964, -1.9999959949558246e-06
Line: 8.05, 51.8, 8.05, 52.8
Arc: 8.05, 52.8, 7.55, 53.3, 7.549999000000001, 52.799999, 0.5000010000010001, 1.9999959949558284e-06, 1.5707943267988982
Line: 7.55, 53.3, 7.05, 53.3
Line: 7.05, 53.3, 0.5, 53.3
Arc: 0.5, 53.3, 0.0, 53.8, 0.500001, 53.800000999999995, 0.5000010000009975, -1.5707983267908967, -3.141590653593798
Line: 0.0, 53.8, 0.0, 90.766447
Arc: 0.0, 90.766447, 0.5, 91.266447, 0.500001, 90.766446, 0.500001000001, 3.141590653593798, 1.5707983267908967
Line: 0.5, 91.266447, 1.286447, 91.266447
Arc: 1.286447, 91.266447, 1.786447, 91.766447, 1.286446, 91.766448, 0.5000010000009975, -1.5707943267988969, -1.9999959949558292e-06
Line: 1.786447, 91.766447, 1.786447, 95.5
Arc: 1.786447, 95.5, 1.286447, 96.0, 1.2864459999999998, 95.499999, 0.5000010000010001, 1.9999959949558284e-06, 1.5707943267988964
Line: 1.286447, 96.0, 0.5, 96.0
Arc: 0.5, 96.0, 0.0, 96.5, 0.500001, 96.500001, 0.5000010000009975, -1.5707983267908967, -3.141590653593798
Line: 0.0, 96.5, 0.0, 99.5
Arc: 0.0, 99.5, 0.5, 100.0, 0.500001, 99.499999, 0.500001000001, 3.141590653593798, 1.5707983267908967
Line: 0.5, 100.0, 6.73, 100.0
Arc: 6.73, 100.0, 7.23, 99.5, 6.729999, 99.499999, 0.5000010000009975, 1.5707943267988964, 1.9999959949558284e-06
Line: 7.23, 99.5, 7.23, 99.083553
Arc: 7.23, 99.083553, 7.73, 98.583553, 7.730001000000001, 99.08355399999999, 0.5000010000010001, -3.141590653593798, -1.570798326790897
Line: 7.73, 98.583553, 14.396447, 98.583553
Arc: 14.396447, 98.583553, 14.896447, 99.083553, 14.396446000000001, 99.08355399999999, 0.5000010000009975, -1.5707943267988982, -1.9999959949558318e-06
Line: 14.896447, 99.083553, 14.896447, 99.5
Arc: 14.896447, 99.5, 15.396447, 100.0, 15.396448, 99.499999, 0.5000010000009992, 3.141590653593798, 1.5707983267908951
Length: 56
Line: 22.6, 13.0, 22.6, 52.792
Arc: 22.6, 52.792, 22.1, 53.3, 22.095999000000003, 52.795999, 0.5040168647991838, -0.007934341563339466, 1.5628580172354012
Line: 22.1, 53.3, 11.95, 53.3
Line: 11.949999, 53.3, 11.449999, 53.3
Arc: 11.449999, 53.3, 10.949999, 52.8, 11.45, 52.799999, 0.5000010000009975, 1.5707983267908951, 3.141590653593798
Line: 10.949999, 52.8, 10.949999, 51.8
Arc: 10.949999, 51.8, 11.449999, 51.3, 11.45, 51.800000999999995, 0.5000010000009992, -3.141590653593798, -1.5707983267908951
Line: 11.449999, 51.3, 11.949999, 51.3
Line: 11.95, 51.3, 17.12, 51.3
Arc: 17.12, 51.3, 17.62, 50.792, 17.115999000000002, 50.795999, 0.5040168806716648, 1.5628580172354012, -0.007934341563339466
Line: 17.62, 50.792, 17.62, 44.05
Arc: 17.62, 44.05, 17.112, 43.55, 17.115999, 44.054001, 0.504016880671672, -0.007938309559502456, -1.578730668358236
Line: 17.112, 43.55, 11.95, 43.55
Line: 11.949999, 43.55, 11.449999, 43.55
Arc: 11.449999, 43.55, 10.949999, 43.05, 11.45, 43.049999, 0.5000010000009975, 1.5707983267908951, 3.141590653593798
Line: 10.949999, 43.05, 10.949999, 42.05
Arc: 10.949999, 42.05, 11.449999, 41.55, 11.45, 42.050000999999995, 0.5000010000009992, -3.141590653593798, -1.5707983267908951
Line: 11.449999, 41.55, 11.949999, 41.55
Line: 11.95, 41.55, 19.78, 41.55
Arc: 19.78, 41.55, 20.279999, 41.04, 19.775, 41.045001, 0.5050237519176677, 1.560895640602865, -0.009902666199828662
Line: 20.28, 41.04, 20.28, 28.0
Arc: 20.28, 28.0, 19.78, 27.500001, 19.780001000000002, 28.0, 0.49999899999999897, 0.0, -1.5707983267988987
Line: 19.78, 27.5, 11.95, 27.5
Line: 11.949999, 27.5, 11.449999, 27.5
Arc: 11.449999, 27.5, 10.949999, 27.0, 11.45, 26.999999, 0.500001000001001, 1.5707983267908951, 3.141590653593791
Line: 10.949999, 27.0, 10.949999, 26.0
Arc: 10.949999, 26.0, 11.449999, 25.5, 11.45, 26.000001, 0.5000010000009992, -3.141590653593791, -1.5707983267908951
Line: 11.449999, 25.5, 11.949999, 25.5
Line: 11.95, 25.5, 17.12, 25.5
Arc: 17.12, 25.5, 17.62, 25.0, 17.118247, 24.998247, 0.501756062263328, 1.567302590100731, 0.00349373669416571
Line: 17.62, 25.0, 17.62, 18.8
Arc: 17.62, 18.8, 17.12, 18.3, 17.119999, 18.800001, 0.500001000001001, -1.999996002061238e-06, -1.5707943267988946
Line: 17.12, 18.3, 11.95, 18.3
Line: 11.949999, 18.3, 11.449999, 18.3
Arc: 11.449999, 18.3, 10.949999, 17.8, 11.45, 17.799999, 0.500001000001001, 1.5707983267908951, 3.141590653593791
Line: 10.949999, 17.8, 10.949999, 16.8
Arc: 10.949999, 16.8, 11.449999, 16.3, 11.45, 16.800001, 0.5000010000009992, -3.141590653593791, -1.5707983267908951
Line: 11.449999, 16.3, 11.949999, 16.3
Line: 11.95, 16.3, 17.12, 16.3
Arc: 17.12, 16.3, 17.62, 15.8, 17.119999, 15.799999000000001, 0.5000010000009992, 1.5707943267988946, 1.9999959985085315e-06
Line: 17.62, 15.8, 17.62, 8.62
Arc: 17.62, 8.62, 17.12, 8.12, 17.119999, 8.620000999999998, 0.500001000001001, -1.9999959985085315e-06, -1.5707943267988946
Line: 17.12, 8.12, 11.95, 8.12
Line: 11.949999, 8.12, 11.449999, 8.12
Arc: 11.449999, 8.12, 10.949999, 7.62, 11.45, 7.619998999999999, 0.5000010000010001, 1.5707983267908951, 3.141590653593791
Line: 10.949999, 7.62, 10.949999, 6.62
Arc: 10.949999, 6.62, 11.449999, 6.12, 11.45, 6.620001, 0.5000010000009992, -3.1415906535937927, -1.5707983267908951
Line: 11.449999, 6.12, 11.949999, 6.12
Line: 11.95, 6.12, 27.55, 6.12
Line: 27.55, 6.12, 28.05, 6.12
Arc: 28.05, 6.12, 28.55, 6.62, 28.049999, 6.620001, 0.5000010000010001, -1.5707943267988946, -1.9999960002848845e-06
Line: 28.55, 6.62, 28.55, 12.0
Arc: 28.55, 12.0, 28.05, 12.5, 28.049999, 11.999999, 0.500001000001001, 1.9999959985085315e-06, 1.5707943267988946
Line: 28.05, 12.5, 27.55, 12.5
Line: 27.55, 12.5, 23.1, 12.5
Arc: 23.1, 12.5, 22.6, 13.0, 23.100001000000002, 13.000001, 0.5000010000009992, -1.5707983267908987, -3.1415906535937945
Length: 46
Line: 37.05, 52.8, 37.05, 13.0
Arc: 37.05, 13.0, 36.55, 12.5, 36.549999, 13.000001, 0.5000010000009975, -1.9999959985085455e-06, -1.5707943267989017
Line: 36.55, 12.5, 32.45, 12.5
Line: 32.45, 12.5, 31.95, 12.5
Arc: 31.95, 12.5, 31.45, 12.0, 31.950001, 11.999999, 0.5000010000009992, 1.5707983267908987, 3.1415906535937945
Line: 31.45, 12.0, 31.45, 6.62
Arc: 31.45, 6.62, 31.95, 6.12, 31.950001, 6.620001, 0.500001000001001, -3.1415906535937927, -1.5707983267908987
Line: 31.95, 6.12, 32.45, 6.12
Line: 32.45, 6.12, 49.55, 6.12
Line: 49.55, 6.12, 50.05, 6.12
Arc: 50.05, 6.12, 50.55, 6.62, 50.049999, 6.620001, 0.5000010000010001, -1.5707943267989017, -1.999996000284899e-06
Line: 50.55, 6.62, 50.55, 10.0
Arc: 50.55, 10.0, 50.05, 10.5, 50.049999, 9.999999, 0.5000010000009975, 1.9999959985085455e-06, 1.5707943267989017
Line: 50.05, 10.5, 49.55, 10.5
Line: 49.55, 10.5, 42.73, 10.5
Arc: 42.73, 10.5, 42.23, 11.0, 42.730000999999994, 11.000001, 0.5000010000009992, -1.5707983267908916, -3.1415906535937945
Line: 42.23, 11.0, 42.23, 23.5
Arc: 42.23, 23.5, 42.738, 24.0, 42.734001, 23.495999, 0.5040168806716719, 3.133654344030298, 1.562861985231557
Line: 42.738, 24.0, 49.55, 24.0
Line: 49.55, 24.0, 50.05, 24.0
Arc: 50.05, 24.0, 50.55, 24.5, 50.049999, 24.500001, 0.500001000001001, -1.5707943267989017, -1.999996002061252e-06
Line: 50.55, 24.5, 50.55, 25.5
Arc: 50.55, 25.5, 50.05, 26.0, 50.049999, 25.499999, 0.5000010000009975, 1.999996002061252e-06, 1.5707943267989017
Line: 50.05, 26.0, 49.55, 26.0
Line: 49.55, 26.0, 42.73, 26.0
Arc: 42.73, 26.0, 42.23, 26.5, 42.730000999999994, 26.500001, 0.500001000001001, -1.5707983267908916, -3.141590653593791
Line: 42.23, 26.5, 42.23, 35.8
Arc: 42.23, 35.8, 42.73, 36.3, 42.730000999999994, 35.799999, 0.5000010000009975, 3.141590653593798, 1.5707983267908916
Line: 42.73, 36.3, 49.55, 36.3
Line: 49.55, 36.3, 50.05, 36.3
Arc: 50.05, 36.3, 50.55, 36.8, 50.049999, 36.800000999999995, 0.5000010000009975, -1.5707943267989017, -1.999995994955839e-06
Line: 50.55, 36.8, 50.55, 37.8
Arc: 50.55, 37.8, 50.05, 38.3, 50.049999, 37.799999, 0.5000010000009975, 1.999995994955839e-06, 1.5707943267989017
Line: 50.05, 38.3, 49.55, 38.3
Line: 49.55, 38.3, 42.73, 38.3
Arc: 42.73, 38.3, 42.23, 38.8, 42.730000999999994, 38.800000999999995, 0.5000010000009975, -1.5707983267908916, -3.141590653593798
Line: 42.23, 38.8, 42.23, 50.8
Arc: 42.23, 50.8, 42.73, 51.3, 42.730000999999994, 50.799999, 0.5000010000009975, 3.141590653593798, 1.5707983267908916
Line: 42.73, 51.3, 49.55, 51.3
Line: 49.55, 51.3, 50.05, 51.3
Arc: 50.05, 51.3, 50.55, 51.8, 50.049999, 51.800000999999995, 0.5000010000009975, -1.5707943267989017, -1.999995994955839e-06
Line: 50.55, 51.8, 50.55, 52.8
Arc: 50.55, 52.8, 50.05, 53.3, 50.049999, 52.799999, 0.5000010000009975, 1.999995994955839e-06, 1.5707943267989017
Line: 50.05, 53.3, 49.55, 53.3
Line: 49.55, 53.3, 37.558, 53.3
Arc: 37.558, 53.3, 37.05, 52.8, 37.554001, 52.795998999999995, 0.5040168647991875, 1.5628619852315573, 3.133654344030291